# Blackhole Presets v2
1 10 5.250 1
8
Inferno
5500 1.50 0.35 1.8 8.0 0.90 0.60 2.5 2.20 1.60 7.0 5.0 1.40 0.000
Gargantua
4500 1.52 0.10 2.2 7.0 0.85 0.35 2.0 1.40 0.50 7.0 5.0 1.20 0.000
M87* Donut
3800 0.55 -0.30 2.2 6.0 0.45 0.90 3.5 1.60 0.40 3.0 2.5 1.10 0.000
Face-on Ember
6500 0.30 0.00 3.0 10.0 0.50 0.80 2.5 1.00 1.10 7.0 5.0 1.00 0.000
Quasar
15000 1.30 0.35 3.0 14.0 0.35 1.00 4.0 1.20 1.30 8.0 5.0 0.80 0.000
Blazar
18000 1.05 0.55 3.0 16.0 0.30 1.00 5.0 1.00 1.50 9.0 6.0 0.75 0.000
Pure Lens
5500 1.50 0.35 1.8 8.0 0.00 1.00 2.5 0.00 1.60 7.0 5.0 1.00 0.600
Inferno 2
5500 1.50 0.35 1.8 8.0 0.90 0.60 2.5 2.20 1.60 7.0 5.0 1.40 0.000
